100
0 86
0 76
0 67
0 90
0 83
0 42
0 64
0 33
0 54
0 35
1 89
1 18
1 68
1 16
1 3
1 65
1 90
1 78
1 26
1 36
2 61
2 87
2 26
2 85
2 96
2 31
2 95
3 17
3 55
3 22
3 60
3 77
3 69
3 94
3 10
3 12
3 33
3 93
3 53
4 73
4 48
4 11
4 50
4 57
4 31
4 52
4 30
5 8
5 77
5 27
5 89
5 64
5 90
5 88
5 65
6 23
6 14
6 96
6 7
6 11
6 5
6 31
6 99
6 93
6 50
6 79
6 74
6 77
6 68
7 22
7 44
7 70
7 6
7 58
7 51
7 18
7 52
7 66
7 81
7 96
8 38
8 20
8 47
8 73
8 4
8 68
8 75
8 15
8 10
9 15
9 43
9 94
9 61
9 7
9 92
9 78
9 42
10 12
10 55
10 88
10 74
10 39
10 1
10 82
10 49
10 80
10 13
10 11
11 41
11 26
11 96
11 8
11 89
11 10
11 73
11 5
11 36
11 97
11 18
11 99
11 53
11 77
11 57
11 17
12 71
12 44
12 13
12 25
12 68
12 9
12 64
12 97
12 35
12 14
12 47
13 30
13 35
13 97
13 47
13 2
13 28
13 36
13 29
13 39
14 8
14 5
14 94
14 6
14 51
14 91
14 55
15 30
15 24
15 20
15 66
15 82
15 12
15 51
15 87
15 92
15 77
16 9
16 29
16 90
16 67
17 50
17 84
17 3
17 4
17 48
17 74
17 61
17 47
17 58
17 92
18 19
18 31
18 18
18 39
18 25
18 54
18 24
19 53
19 27
19 98
19 72
19 71
19 64
19 78
20 21
20 71
20 54
20 78
20 61
20 48
20 4
20 10
20 97
20 2
21 6
21 26
21 95
21 71
21 33
21 73
21 60
21 9
21 25
21 74
22 40
22 99
22 18
22 6
22 98
22 1
23 42
23 56
23 85
23 96
23 94
23 67
23 88
23 79
23 93
23 17
23 4
24 21
24 40
24 9
24 16
24 30
24 84
24 13
24 72
24 93
24 10
24 48
25 91
25 79
25 1
25 19
25 65
25 74
25 5
25 23
25 87
25 66
25 0
25 73
25 28
26 94
26 49
26 3
26 70
26 32
26 43
26 68
26 2
26 55
26 57
26 73
27 1
27 24
27 50
27 52
27 94
28 77
28 63
28 54
28 79
28 57
28 17
28 37
28 84
28 59
28 50
28 9
28 66
28 99
28 92
28 27
28 85
29 60
29 0
29 58
29 64
29 82
29 87
29 85
29 52
30 51
30 35
30 0
30 95
30 73
30 24
30 3
30 96
30 10
30 72
30 43
30 21
31 80
31 33
31 87
31 99
31 24
31 84
31 55
31 86
31 49
32 8
32 95
32 81
32 0
32 33
32 7
32 56
32 11
33 47
33 65
33 99
33 2
33 52
33 49
34 3
34 32
34 26
34 42
34 11
34 53
34 47
34 56
34 45
34 98
35 88
35 87
35 10
35 45
35 47
35 71
35 91
35 64
35 2
35 84
35 6
36 34
36 37
36 43
36 82
36 89
36 0
36 71
36 45
36 7
36 90
36 19
37 13
37 21
37 30
37 61
37 85
37 14
37 45
37 57
37 24
37 8
37 49
37 72
38 90
38 0
38 13
38 30
38 32
38 23
38 42
38 16
38 95
39 75
39 2
39 69
39 7
39 8
39 1
39 32
39 34
39 51
39 80
39 21
40 60
40 1
40 90
40 21
40 59
40 5
40 69
40 82
40 27
41 13
41 10
41 44
41 82
41 47
41 14
41 25
41 0
41 93
41 77
42 10
42 6
42 13
42 23
42 25
42 38
42 9
42 19
42 22
42 69
42 3
43 69
43 13
43 35
43 57
43 86
43 55
43 90
43 74
43 87
44 86
44 98
44 37
44 11
44 66
44 35
44 57
44 26
44 8
44 81
44 13
45 40
45 7
45 88
45 43
45 10
45 3
45 48
45 91
45 75
45 56
46 23
46 0
46 91
46 9
46 96
46 72
46 69
46 87
46 5
46 94
47 7
47 75
47 23
47 63
47 3
47 8
47 24
47 74
47 20
47 29
48 90
48 3
48 5
48 93
48 13
49 38
49 56
49 12
49 31
49 93
49 19
49 50
49 13
49 91
50 4
50 54
50 49
50 26
50 8
50 86
51 31
51 45
51 64
51 59
51 26
51 9
51 80
51 44
51 8
52 24
52 20
52 90
52 93
52 66
52 52
52 89
52 30
52 4
53 73
53 91
53 51
53 18
53 16
53 36
53 25
53 70
53 28
53 95
53 66
53 31
54 43
54 8
54 3
54 26
54 86
54 72
54 14
54 90
54 19
54 65
54 30
54 17
55 41
55 87
55 74
55 9
55 0
56 1
56 34
56 40
56 35
56 94
57 50
57 48
57 76
57 18
57 80
57 68
57 46
57 86
57 43
57 53
58 19
58 4
58 72
58 22
58 35
58 31
58 16
58 27
58 46
58 8
59 38
59 25
59 58
59 51
59 72
59 39
59 96
59 1
59 67
59 98
59 45
59 34
60 39
60 79
60 20
60 93
60 56
60 22
60 25
60 52
60 7
60 98
60 50
60 90
61 18
61 90
61 57
61 42
61 35
61 53
62 48
62 15
62 82
62 33
62 89
63 19
63 90
63 67
63 86
63 68
63 8
63 77
63 79
63 25
63 58
63 54
64 43
64 90
64 55
64 75
64 30
64 2
64 87
64 99
64 16
64 82
64 15
64 96
65 50
65 17
65 12
65 88
65 42
65 27
65 73
65 99
65 58
65 92
65 51
65 97
65 52
65 86
65 19
66 97
66 18
66 10
66 63
66 83
66 86
67 9
67 97
67 83
67 61
67 67
68 58
68 33
68 23
68 75
68 63
68 72
68 60
68 80
68 34
68 55
68 70
69 38
69 73
69 17
69 45
69 55
69 57
69 86
69 1
69 95
69 6
69 16
69 71
70 94
70 12
70 62
70 22
70 97
70 70
70 15
71 93
71 1
71 13
71 95
71 34
71 61
71 40
71 45
71 47
71 99
72 94
72 49
72 12
72 42
72 75
72 62
72 65
73 72
73 91
73 14
73 25
73 31
73 75
73 73
73 93
73 10
73 30
73 18
74 89
74 75
74 73
74 14
74 76
74 24
74 3
74 72
74 66
74 44
75 57
75 61
75 21
75 96
75 92
75 49
75 87
75 58
75 40
75 7
75 60
76 93
76 96
76 95
76 98
76 77
76 4
76 79
76 15
76 75
76 63
77 48
77 53
77 15
77 86
77 84
77 4
77 9
77 87
77 59
77 7
77 50
78 56
78 96
78 10
78 13
78 20
78 32
78 38
78 81
78 59
78 47
78 64
78 23
78 70
78 51
79 19
79 59
79 2
80 76
80 89
80 29
80 51
80 73
80 53
80 22
80 86
80 55
80 90
80 59
80 32
80 39
81 86
81 62
81 83
81 24
81 68
81 85
81 47
81 45
82 35
82 47
82 38
82 90
82 7
82 97
82 83
82 8
82 20
82 41
82 6
82 1
82 68
82 37
83 9
83 73
83 42
83 51
83 75
83 8
83 84
83 43
83 36
83 7
84 25
84 21
84 98
84 28
84 1
84 67
84 63
84 50
84 57
84 13
84 66
85 12
85 81
85 99
85 77
85 2
85 97
85 5
85 23
85 91
86 84
86 26
86 1
86 11
86 40
86 28
86 85
86 44
86 6
86 77
87 93
87 20
87 70
87 25
87 64
87 2
87 91
87 80
87 32
88 90
88 21
88 4
88 99
88 20
88 70
88 46
88 72
89 42
89 27
89 80
89 40
89 37
89 46
89 55
89 56
89 44
89 72
89 20
90 18
90 33
90 51
90 80
90 87
90 98
90 21
90 1
90 15
90 44
91 15
91 46
91 22
91 59
91 7
91 64
91 91
92 28
92 99
92 91
92 57
92 77
92 6
92 20
92 9
92 0
92 45
93 83
93 19
93 6
93 57
93 66
93 97
93 12
93 3
94 54
94 65
94 72
94 25
94 33
94 53
94 34
95 13
95 49
95 6
95 18
95 73
95 61
95 2
95 54
95 19
95 47
95 59
95 86
96 90
96 52
96 66
96 13
96 79
96 96
96 48
97 18
97 1
97 71
97 12
97 33
97 15
98 51
98 34
98 23
98 69
98 1
98 48
98 11
98 66
99 57
99 90
99 6
99 3
99 34
99 16
99 38
